819992522109894658 0
888031054141022209 0
842072478834909184 0
836305915452272641 0
956283913835614208 0
935148134505828353 0
828613457020870657 0
819980276570976256 0
988573326376427520 0
826065858548133888 0
799764016885329921 0
862405301693296640 0
818910970567344128 0
15007149 1
2962891515 0
76452765 0
3018670151 1
76649729 0
2964287128 0
233842454 0
2929491549 0
818975124460335106 0
816131319033950208 0
1089334250 0
202206694 0
19929362 0
815241612154417152 0
816652616625168388 0
26051676 0
148006729 0
249410485 1
110545675 0
278145569 0
2965083477 0
21269970 0
558769636 1
5558312 0
2964877294 0
19926675 0
237299871 0
1074101017 0
20467163 0
2862577383 0
234812598 0
817138492614524928 0
15751083 0
21157904 0
2253968388 0
193794406 0
816157667882373120 1
2973870195 0
776664410 1
237750442 0
17800215 0
98471035 0
555474658 0
19407835 0
23124635 0
1060487274 0
19726613 0
2933760046 0
295685416 0
1074412920 0
73303753 0
13218102 0
815985039485837312 1
811313565760163844 1
968650362 0
600463589 0
233693291 0
1074480192 0
2853309155 0
11651202 0
742735530287304704 0
993153006 0
242376736 0
235312723 0
37094727 0
2970279814 1
3353670647 0
1058520120 1
234022257 0
815952318487298048 0
2914515430 0
291756142 0
2856787757 0
817076257770835968 1
854715071116849157 0
90639372 1
17896154 0
815931811348017152 0
806583915012046854 0
816303263586914304 0
16056306 0
235190657 0
237312687 0
18805303 0
16256269 0
818948638890217473 0
815966620300480514 0
2966570782 1
235217558 0
818460870573441028 0
234822928 0
22055226 0
819744763020775425 0
37920978 0
240760644 0
237348797 0
161743731 0
10615232 0
2951574214 0
29766367 0
190328374 0
234057152 0
28602948 1
2976606250 0
1908143071 0
23712174 0
960962340 0
30354991 1
237763317 0
946549322 1
262756641 0
460376288 1
266133081 0
18566912 0
19168067 0
242926427 0
2975091705 0
843636970538618880 0
2953974395 0
382791093 0
1058460818 0
811986281177772032 0
935033864 0
233949261 0
237814920 0
1305596696 0
2963445730 0
7270292 0
78403308 0
22509548 0
24745957 1
233737858 0
1010616057932013571 1
26778110 0
18166778 0
976969338 0
2966765501 0
935368364 0
1339931490 1
816683274076614656 0
816298918468259841 1
816282029276938240 1
1045110018 1
48117116 0
219429281 0
814179031956488192 1
246341769 0
3686482216 0
1069124515 0
584012853 0
613725908 0
225921757 0
15394954 0
818472418620608512 1
248735463 1
88784440 0
34715823 0
25781141 1
29450962 1
3044993235 1
1444015610 0
2914163523 0
242772524 0
1849261916 0
2962994194 0
1240107944 0
975200486 0
814103950404239360 0
19394188 0
26424123 0
50152441 0
1249982359 0
816181091673448448 1
27676828 0
240427862 0
482450423 0
963480595 0
2696643955 0
2964526557 0
22669526 1
18632666 0
248495200 1
1060370282 0
888031054141022209 0
18061669 0
796183515998068736 1
442824717 1
2930635215 0
3122099613 1
880480631108644864 0
808416682972770304 1
20053279 0
299883942 0
2861616083 0
796736612554117120 1
74508260 1
216881337 0
2863210809 0
236511574 1
950328072 0
74198348 0
2932617195 0
18915145 0
25086658 0
829782369670410240 0
3026622545 0
806906355214852096 1
2847221717 0
252819323 0
1058345042 0
1096059529 0
75364211 0
17976923 0
52503751 0
550401754 0
33977070 0
19139963 0
17544524 0
816111677917851649 0
23970171 0
14275291 0
1155212191 0
2955485182 0
834069080 0
246769138 0
15745368 0
305620929 1
2966758114 0
828977216595849216 0
18916432 0
13491312 1
926446070812602371 1
1499993378 0
1209417007 0
1071840474 1
229197216 0
161791703 1
217543151 0
851621377 0
24735461 0
15600527 0
20747881 1
296245061 0
1289319271 0
15856366 0
41417564 0
818713465653051392 1
1072008757 0
211420609 0
2891210047 0
816705409486618624 1
515822213 1
18967498 0
296361085 0
912608010 0
242873057 0
51228911 0
124224165 0
18137749 1
1051446626 0
237862972 0
32010840 0
2966205003 0
1065995022 0
7429102 1
36686040 1
1058051748 0
281540744 0
518644221 0
2852998461 0
264219447 0
1077446982 0
254082173 0
234469322 0
2382685057 0
252819642 0
1071900114 0
314205957 0
234128524 0
2750127259 0
827258161841135623 0
25073877 0
813286 1
